0000 1288 676
0001 2064 1373
0002 693 1301
0003 1303 2074
0004 659 600
0005 1389 733
0006 567 1000
0007 1634 1203
0008 1634 1203
0009 895 1443
0010 2008 500
0011 647 1716
0012 2073 1464
0013 1512 736
0014 1512 736
0015 1530 233
0016 1705 1467
0017 1705 1467
0018 1705 1467
0019 2122 1707
0020 1870 979
0021 1870 979
0022 1953 1871
0023 1953 1871
0024 1950 2022
0025 248 2080
0026 548 1561
0027 1153 733
0028 2361 539
0029 2294 609
0030 472 1237
0031 1916 846
0032 1475 1085
0033 1475 1085
0034 2070 864
0035 680 1940
0036 205 1865
0037 156 1916
0038 1263 1225
0039 966 594
0040 1763 1382
0041 2015 864
0042 2186 1486
0043 2330 1658
0044 1328 915
0045 831 1734
0046 1665 1907
0047 1472 1683
0048 1211 303
0049 1496 1846
0050 837 1267
0051 837 1267
0052 377 1849
0053 2202 2047
0054 604 1758
0055 631 1058
0056 631 1058
0057 631 1058
0058 1996 1407
0059 1171 1076
0060 1171 1076
0061 1692 1388
0062 1778 2004
0063 1729 855
0064 1438 664
0065 1573 964
0066 2370 1695
0067 1389 1352
0068 1389 1352
0069 1389 1352
0070 1389 1352
0071 1389 1352
0072 935 2341
0073 1349 1437
0074 1364 1589
0075 1870 891
0076 708 1792
0077 883 1313
0078 883 1313
0079 883 1313
0080 794 2044
0081 668 2171
0082 1898 612
0083 1539 2004
0084 2002 1974
0085 757 937
0086 1929 1058
0087 1858 655
0088 2330 1340
0089 2309 2347
0090 2309 2298
0091 2309 2253
0092 2146 800
0093 2070 1752
0094 2070 1752
0095 1340 1916
0096 1340 1916
0097 2011 1819
0098 616 1628
0099 959 1734
0100 959 1734
0101 1183 1843
0102 328 761
0103 941 882
0104 331 1916
0105 1886 1570
0106 1024 1816
0107 1692 1246
0108 2073 418
0109 782 1213
0110 782 1213
0111 708 1865
0112 726 354
0113 1140 1928
0114 2361 1213
0115 2171 1207
0116 2171 1207
0117 1702 1786
0118 1702 1786
0119 1788 1671
0120 1788 1671
0121 1643 894
0122 1643 894
0123 1643 894
0124 1625 791
0125 1625 791
0126 1082 433
0127 708 1140
0128 1456 2001
0129 1803 1046
0130 282 712
0131 1024 585
0132 1055 1076
0133 1055 1076
0134 2177 697
0135 1499 1349
0136 1499 1349
0137 837 1416
0138 837 1416
0139 576 1349
0140 1680 1018
0141 334 1674
0142 1858 794
0143 1858 794
0144 1858 794
0145 524 1777
0146 2061 943
0147 1358 609
0148 1551 1707
0149 1551 1707
0150 555 1155
0151 1640 730
0152 2073 339
0153 1021 664
0154 705 1692
0155 705 1692
0156 705 1692
0157 331 1461
0158 772 1482
0159 1288 618
0160 1913 739
0161 1594 2177
0162 1281 964
0163 1769 1525
0164 1548 1916
0165 1389 1301
0166 429 864
0167 2140 1986
0168 1021 830
0169 1778 812
0170 1778 812
0171 690 630
0172 625 1998
0173 1196 1346
0174 1211 1592
0175 895 1222
0176 895 1222
0177 895 1222
0178 601 2235
0179 1944 2229
0180 907 536
0181 2370 1301
0182 1147 369
0183 2370 855
0184 1594 2110
0185 2309 2201
0186 2309 2156
0187 935 2189
0188 935 2265
0189 837 782
0190 2223 1449
0191 1435 609
0192 1435 609
0193 291 2037
0194 1653 582
0195 1426 1634
0196 331 1777
0197 331 1777
0198 331 1846
0199 331 1846
0200 2116 1798
0201 444 1822
0202 917 1082
0203 917 1082
0204 815 876
0205 2005 1689
0206 1137 1825
0207 1137 1825
0208 1137 1825
0209 1137 1825
0210 1334 1995
0211 1996 1128
0212 2100 1534
0213 2100 1534
0214 2100 1534
0215 2100 1534
0216 1696 2001
0217 1263 928
0218 1189 1765
0219 1775 1176
0220 1775 1176
0221 1291 1583
0222 1291 1583
0223 1107 1131
0224 1107 1131
0225 1107 1131
0226 1987 694
0227 1107 1349
0228 1107 1349
0229 1932 1176
0230 475 1489
0231 993 1840
0232 993 1840
0233 2238 1116
0234 1101 1989
0235 2064 1285
0236 2171 1655
0237 1901 2183
0238 1288 733
0239 1288 733
0240 555 2068
0241 1499 1777
0242 1597 2001
0243 1597 2001
0244 1597 2001
0245 1021 730
0246 1021 730
0247 2146 934
0248 2146 934
0249 1039 2050
0250 1456 894
0251 625 567
0252 377 809
0253 205 2122
0254 1512 1449
0255 1269 1361
0256 414 1079
0257 2146 1856
0258 487 915
0259 254 1819
0260 1668 2153
0261 1840 2159
0262 1254 2125
0263 2281 1213
0264 720 664
0265 2091 1907
0266 1757 2156
0267 907 536
0268 1358 506
0269 2257 1413
0270 2082 694
0271 331 1980
0272 1018 509
0273 969 2119
0274 729 2107
0275 2211 1570
0276 1653 515
0277 1938 573
0278 2300 928
0279 2300 928
0280 2211 846
0281 1107 1234
0282 1107 1234
0283 1956 940
0284 2061 1210
0285 2061 1210
0286 766 709
0287 1864 1965
0288 1705 1652
0289 1171 1194
0290 1567 1285
0291 331 1567
0292 1294 1862
0293 1294 1862
0294 1128 1680
0295 1944 1625
0296 1944 1625
0297 1818 1325
0298 1245 1082
0299 1245 1082
0300 1818 691
0301 2297 1376
0302 941 755
0303 1343 1085
0304 1343 1085
0305 1987 1213
0306 355 1349
0307 2042 1452
0308 1018 1567
0309 1484 1228
0310 1484 1228
0311 1726 1119
0312 1726 1119
0313 1726 1119
0314 1726 1119
0315 1726 1119
0316 1901 1310
0317 956 1037
0318 1361 269
0319 1610 154
0320 2303 1028
0321 877 1646
0322 1288 830
0323 1180 1577
0324 1389 1965
0325 1015 982
0326 1015 982
0327 1015 982
0328 2287 1613
0329 1705 1868
0330 1309 1531
0331 1588 1440
0332 861 1131
0333 1153 1734
0334 1153 1646
0335 1692 1319
0336 1358 1225
0337 1398 548
0338 953 1504
0339 1794 749
0340 1794 749
0341 1794 749
0342 1542 1082
0343 1542 1082
0344 1542 1082
0345 1585 1522
0346 1070 1625
0347 1070 1625
0348 898 1801
0349 871 1755
0350 1677 1152
0351 699 991
0352 1594 2059
0353 1125 928
0354 466 1349
0355 466 1349
0356 999 1349
0357 2232 943
0358 1018 1680
0359 837 1522
0360 858 1980
0361 1229 1828
0362 499 1167
0363 1597 2341
0364 1594 2235
0365 1594 2289
0366 874 815
0367 874 815
0368 923 1916
0369 1950 1361
0370 800 743
0371 705 1570
0372 2260 2104
0373 410 1777
0374 2248 658
0375 1392 1252
