130 102 252 166 258 6 55 127 109 50 77 356 227 173 67 135 331 16 119 295 212 275 328 43 66 ? Ligne 1 Direction Chateau de Vincennes
66 43 328 275 212 295 119 16 331 135 67 173 227 356 77 50 109 127 55 6 258 166 252 102 130 ? Ligne 1 Direction Grande Arche de la Défense
256 362 56 351 85 204 366 302 246 27 239 5 13 151 339 142 75 21 86 211 284 235 1 12 213 ? Ligne 2 Direction Nation
213 12 1 235 284 211 86 21 75 142 339 151 13 5 239 27 246 302 366 204 85 351 56 362 256 ? Ligne 2 Direction Porte Dauphine
251 4 171 264 286 370 189 367 103 327 132 223 289 38 336 309 8 350 312 229 305 285 115 263 114 ? Ligne 3 Direction Galliéni
114 263 115 285 305 229 312 350 8 309 336 38 289 223 132 327 103 367 189 370 286 264 171 4 251 ? Ligne 3 Direction Pont de Levallois, Bécon
116 233 320 279 ? Ligne 3b Direction Porte des Lilas
279 320 233 116 ? Ligne 3b Direction Gambetta
268 337 192 64 14 124 121 65 342 310 375 165 70 73 330 222 323 334 333 208 361 292 95 210 3 262 ? Ligne 4 Direction Porte d'Orléans
262 3 210 95 292 361 208 333 334 323 222 330 73 70 165 375 310 342 65 121 124 14 64 192 337 268 ? Ligne 4 Direction Porte de Clignancourt
28 29 374 134 270 226 160 143 340 125 122 140 313 219 297 40 17 288 118 329 46 242 ? Ligne 5 Direction Place d'Italie
242 46 329 118 288 17 40 297 219 313 140 122 125 340 143 160 226 270 134 374 29 28 ? Ligne 5 Direction Bobigny, Pablo Picasso
57 150 30 354 230 26 98 155 45 348 232 209 101 293 96 324 128 83 243 216 62 287 23 97 93 19 236 214 ? Ligne 6 Direction Nation
214 236 19 93 97 23 287 62 216 243 83 128 324 96 293 101 209 232 348 45 155 98 26 230 354 30 150 57 ? Ligne 6 Direction Charles de Gaulle, Étoile
152 108 10 277 82 87 300 341 169 63 123 250 44 162 59 224 282 228 255 71 254 345 149 241 49 164 244 352 184 161 364 365 363 ? Ligne 7 Direction Villejuif, Louis Aragon
152 108 10 277 82 87 300 341 169 63 123 250 44 162 59 224 282 228 255 71 254 345 149 241 49 164 244 352 184 260 266 261 237 179 ? Ligne 7 Direction Mairie d'Ivry
363 365 364 161 184 260 266 261 237 179  ? Ligne 7 Direction Mairie d'Ivry
363 365 364 161 184 352 244 164 49 241 149 345 254 71 255 228 282 224 59 162 44 250 123 63 169 341 300 87 82 277 10 108 152  ? Ligne 7 Direction La Courneuve, 8 Mai 1945
179 237 261 266 260 184 161 364 365 363 ? Ligne 7 Direction Villejuif, Louis Aragon
179 237 261 266 260 184 352 244 164 49 241 149 345 254 71 255 228 282 224 59 162 44 250 123 63 169 341 300 87 82 277 10 108 152 ? Ligne 7 Direction La Courneuve, 8 Mai 1945
170 144 31 41 34 248 280 ? Ligne 7b Direction Pré-Saint-Gervais
280 92 34 41 31 144 170 ? Ligne 7b Direction Louis Blanc
240 172 35 111 76 156 371 158 138 79 177 225 298 303 32 343 314 107 335 61 18 163 105 296 205 94 200 257 265 167 53 372 186 185 91 90 89 ? Ligne 8 Direction Créteil-Préfecture
89 90 91 185 186 372 53 167 265 257 200 94 205 296 105 163 18 61 335 107 314 343 32 303 298 225 177 79 138 158 371 156 76 111 35 172 240 ? Ligne 8 Direction Place Balard
253 25 193 271 104 199 197 141 291 157 306 355 139 2 110 332 203 317 133 60 299 304 33 344 315 220 316 369 58 307 215 42 190 269 301 88 181 ? Ligne 9 Direction Mairie de Montreuil
181 88 301 269 190 42 215 307 58 369 316 220 315 344 33 304 299 60 133 317 203 332 110 2 139 355 306 157 291 141 197 199 104 271 193 25 253 ? Ligne 9 Direction Pont de Sèvres
37 36 198 52 201 145 54 11 154 349 99 358 346 174 221 74 195 47 148 117 ? Ligne 10 Direction Gare d'Austerlitz
37 36 259 196 373 145 54 11 154 349 99 358 346 174 221 74 195 47 148 117 ? Ligne 10 Direction Gare d'Austerlitz
117 148 47 195 74 221 174 346 358 99 349 154 11 54 145 373 196 259 36 37 ? Ligne 10 Direction Boulogne, Pont de Saint-Cloud, Rond Point Rhin et Danube
117 148 47 195 74 221 174 346 358 99 349 154 11 54 145 201 52 198 36 37 ? Ligne 10 Direction Boulogne, Pont de Saint-Cloud, Rond Point Rhin et Danube
183 278 357 247 146 283 20 129 311 7 290 136 68 ? Ligne 11 Direction Châtelet
68 136 290 7 311 129 20 283 146 247 357 278 183 ? Ligne 11 Direction Mairie des Lilas
178 81 274 80 360 368 231 106 206 218 294 347 308 338 9 78 175 325 353 217 322 238 0 159 147 191 194 276 ? Ligne 12 Direction Porte de la Chapelle
276 194 191 147 159 0 238 322 217 353 325 175 78 9 338 308 347 294 218 206 106 231 368 360 80 274 81 178 ? Ligne 12 Direction Mairie d'Issy
72 188 187 273 249 234 113 207 100 321 359 137 51 202 326 168 245 153 39 267 180 112  ? Ligne 13 Direction Gabriel Péri, Asnières-Gennevilliers
72 188 187 273 249 234 113 207 100 321 359 137 51 202 326 168 245 153 131 272 126 182 48 318 15 319  ? Ligne 13 Direction Saint-Denis-Université
112 180 267 39 153 131 272 126 182 48 318 15 319  ? Ligne 13 Direction Saint-Denis-Université
112 180 267 39 153 245 168 326 202 51 137 359 321 100 207 113 234 249 273 187 188 72  ? Ligne 13 Direction Châtillon-Montrouge
319 15 318 48 182 126 272 131 153 39 267 180 112  ? Ligne 13 Direction Gabriel Péri, Asnières-Gennevilliers
319 15 318 48 182 126 272 131 153 245 168 326 202 51 137 359 321 100 207 113 234 249 273 187 188 72  ? Ligne 13 Direction Châtillon-Montrouge
24 84 22 120 69 281 176 ? Ligne 14 Direction Madeleine
176 281 69 120 22 84 24 ? Ligne 14 Direction Bibliothèque François Mitterand
