0134 0270 0226 0160 0143 0340 0125 
0130 0102 0252 0166 0258 0006 0055 
0134 0270 0226 0160 0143 0340 0125 
0102 0252 0166 0258 0006 0055 0127 
0134 0270 0226 0160 0143 0340 0125 
0252 0166 0258 0006 0055 0127 0109 
0134 0270 0226 0160 0143 0340 0125 
0166 0258 0006 0055 0127 0109 0050 
0134 0270 0226 0160 0143 0340 0125 
0258 0006 0055 0127 0109 0050 0077 
0134 0270 0226 0160 0143 0340 0125 
0006 0055 0127 0109 0050 0077 0356 
0134 0270 0226 0160 0143 0340 0125 
0055 0127 0109 0050 0077 0356 0227 
0134 0270 0226 0160 0143 0340 0125 
0127 0109 0050 0077 0356 0227 0173 
0134 0270 0226 0160 0143 0340 0125 
0109 0050 0077 0356 0227 0173 0067 
0134 0270 0226 0160 0143 0340 0125 
0050 0077 0356 0227 0173 0067 0135 
0134 0270 0226 0160 0143 0340 0125 
0077 0356 0227 0173 0067 0135 0331 
0134 0270 0226 0160 0143 0340 0125 
0356 0227 0173 0067 0135 0331 0016 
0134 0270 0226 0160 0143 0340 0125 
0227 0173 0067 0135 0331 0016 0119 
0134 0270 0226 0160 0143 0340 0125 
0173 0067 0135 0331 0016 0119 0295 
0134 0270 0226 0160 0143 0340 0125 
0067 0135 0331 0016 0119 0295 0212 
0134 0270 0226 0160 0143 0340 0125 
0135 0331 0016 0119 0295 0212 0275 
0134 0270 0226 0160 0143 0340 0125 
0331 0016 0119 0295 0212 0275 0328 
0134 0270 0226 0160 0143 0340 0125 
0016 0119 0295 0212 0275 0328 0043 
0134 0270 0226 0160 0143 0340 0125 
0119 0295 0212 0275 0328 0043 0066 
0134 0270 0226 0160 0143 0340 0125 
0066 0043 0328 0275 0212 0295 0119 
0134 0270 0226 0160 0143 0340 0125 
0043 0328 0275 0212 0295 0119 0016 
0134 0270 0226 0160 0143 0340 0125 
0328 0275 0212 0295 0119 0016 0331 
0134 0270 0226 0160 0143 0340 0125 
0275 0212 0295 0119 0016 0331 0135 
0134 0270 0226 0160 0143 0340 0125 
0212 0295 0119 0016 0331 0135 0067 
0134 0270 0226 0160 0143 0340 0125 
0295 0119 0016 0331 0135 0067 0173 
0134 0270 0226 0160 0143 0340 0125 
0119 0016 0331 0135 0067 0173 0227 
0134 0270 0226 0160 0143 0340 0125 
0016 0331 0135 0067 0173 0227 0356 
0134 0270 0226 0160 0143 0340 0125 
0331 0135 0067 0173 0227 0356 0077 
0134 0270 0226 0160 0143 0340 0125 
0135 0067 0173 0227 0356 0077 0050 
0134 0270 0226 0160 0143 0340 0125 
0067 0173 0227 0356 0077 0050 0109 
0134 0270 0226 0160 0143 0340 0125 
0173 0227 0356 0077 0050 0109 0127 
0134 0270 0226 0160 0143 0340 0125 
0227 0356 0077 0050 0109 0127 0055 
0134 0270 0226 0160 0143 0340 0125 
0356 0077 0050 0109 0127 0055 0006 
0134 0270 0226 0160 0143 0340 0125 
0077 0050 0109 0127 0055 0006 0258 
0134 0270 0226 0160 0143 0340 0125 
0050 0109 0127 0055 0006 0258 0166 
0134 0270 0226 0160 0143 0340 0125 
0109 0127 0055 0006 0258 0166 0252 
0134 0270 0226 0160 0143 0340 0125 
0127 0055 0006 0258 0166 0252 0102 
0134 0270 0226 0160 0143 0340 0125 
0055 0006 0258 0166 0252 0102 0130 
0134 0270 0226 0160 0143 0340 0125 
0256 0362 0056 0351 0085 0204 0366 
0134 0270 0226 0160 0143 0340 0125 
0362 0056 0351 0085 0204 0366 0302 
0134 0270 0226 0160 0143 0340 0125 
0056 0351 0085 0204 0366 0302 0246 
0134 0270 0226 0160 0143 0340 0125 
0351 0085 0204 0366 0302 0246 0027 
0134 0270 0226 0160 0143 0340 0125 
0085 0204 0366 0302 0246 0027 0239 
0134 0270 0226 0160 0143 0340 0125 
0204 0366 0302 0246 0027 0239 0005 
0134 0270 0226 0160 0143 0340 0125 
0366 0302 0246 0027 0239 0005 0013 
0134 0270 0226 0160 0143 0340 0125 
0302 0246 0027 0239 0005 0013 0151 
0134 0270 0226 0160 0143 0340 0125 
0246 0027 0239 0005 0013 0151 0339 
0134 0270 0226 0160 0143 0340 0125 
0027 0239 0005 0013 0151 0339 0142 
0134 0270 0226 0160 0143 0340 0125 
0239 0005 0013 0151 0339 0142 0075 
0134 0270 0226 0160 0143 0340 0125 
0005 0013 0151 0339 0142 0075 0021 
0134 0270 0226 0160 0143 0340 0125 
0013 0151 0339 0142 0075 0021 0086 
0134 0270 0226 0160 0143 0340 0125 
0151 0339 0142 0075 0021 0086 0211 
0134 0270 0226 0160 0143 0340 0125 
0339 0142 0075 0021 0086 0211 0284 
0134 0270 0226 0160 0143 0340 0125 
0142 0075 0021 0086 0211 0284 0235 
0134 0270 0226 0160 0143 0340 0125 
0075 0021 0086 0211 0284 0235 0001 
0134 0270 0226 0160 0143 0340 0125 
0021 0086 0211 0284 0235 0001 0012 
0134 0270 0226 0160 0143 0340 0125 
0086 0211 0284 0235 0001 0012 0213 
0134 0270 0226 0160 0143 0340 0125 
0213 0012 0001 0235 0284 0211 0086 
0134 0270 0226 0160 0143 0340 0125 
0012 0001 0235 0284 0211 0086 0021 
0134 0270 0226 0160 0143 0340 0125 
0001 0235 0284 0211 0086 0021 0075 
0134 0270 0226 0160 0143 0340 0125 
0235 0284 0211 0086 0021 0075 0142 
0134 0270 0226 0160 0143 0340 0125 
0284 0211 0086 0021 0075 0142 0339 
0134 0270 0226 0160 0143 0340 0125 
0211 0086 0021 0075 0142 0339 0151 
0134 0270 0226 0160 0143 0340 0125 
0086 0021 0075 0142 0339 0151 0013 
0134 0270 0226 0160 0143 0340 0125 
0021 0075 0142 0339 0151 0013 0005 
0134 0270 0226 0160 0143 0340 0125 
0075 0142 0339 0151 0013 0005 0239 
0134 0270 0226 0160 0143 0340 0125 
0142 0339 0151 0013 0005 0239 0027 
0134 0270 0226 0160 0143 0340 0125 
0339 0151 0013 0005 0239 0027 0246 
0134 0270 0226 0160 0143 0340 0125 
0151 0013 0005 0239 0027 0246 0302 
0134 0270 0226 0160 0143 0340 0125 
0013 0005 0239 0027 0246 0302 0366 
0134 0270 0226 0160 0143 0340 0125 
0005 0239 0027 0246 0302 0366 0204 
0134 0270 0226 0160 0143 0340 0125 
0239 0027 0246 0302 0366 0204 0085 
0134 0270 0226 0160 0143 0340 0125 
0027 0246 0302 0366 0204 0085 0351 
0134 0270 0226 0160 0143 0340 0125 
0246 0302 0366 0204 0085 0351 0056 
0134 0270 0226 0160 0143 0340 0125 
0302 0366 0204 0085 0351 0056 0362 
0134 0270 0226 0160 0143 0340 0125 
0366 0204 0085 0351 0056 0362 0256 
0134 0270 0226 0160 0143 0340 0125 
0251 0004 0171 0264 0286 0370 0189 
0134 0270 0226 0160 0143 0340 0125 
0004 0171 0264 0286 0370 0189 0367 
0134 0270 0226 0160 0143 0340 0125 
0171 0264 0286 0370 0189 0367 0103 
0134 0270 0226 0160 0143 0340 0125 
0264 0286 0370 0189 0367 0103 0327 
0134 0270 0226 0160 0143 0340 0125 
0286 0370 0189 0367 0103 0327 0132 
0134 0270 0226 0160 0143 0340 0125 
0370 0189 0367 0103 0327 0132 0223 
0134 0270 0226 0160 0143 0340 0125 
0189 0367 0103 0327 0132 0223 0289 
0134 0270 0226 0160 0143 0340 0125 
0367 0103 0327 0132 0223 0289 0038 
0134 0270 0226 0160 0143 0340 0125 
0103 0327 0132 0223 0289 0038 0336 
0134 0270 0226 0160 0143 0340 0125 
0327 0132 0223 0289 0038 0336 0309 
0134 0270 0226 0160 0143 0340 0125 
0132 0223 0289 0038 0336 0309 0008 
0134 0270 0226 0160 0143 0340 0125 
0223 0289 0038 0336 0309 0008 0350 
0134 0270 0226 0160 0143 0340 0125 
0289 0038 0336 0309 0008 0350 0312 
0134 0270 0226 0160 0143 0340 0125 
0038 0336 0309 0008 0350 0312 0229 
0134 0270 0226 0160 0143 0340 0125 
0336 0309 0008 0350 0312 0229 0305 
0134 0270 0226 0160 0143 0340 0125 
0309 0008 0350 0312 0229 0305 0285 
0134 0270 0226 0160 0143 0340 0125 
0008 0350 0312 0229 0305 0285 0115 
0134 0270 0226 0160 0143 0340 0125 
0350 0312 0229 0305 0285 0115 0263 
0134 0270 0226 0160 0143 0340 0125 
0312 0229 0305 0285 0115 0263 0114 
0134 0270 0226 0160 0143 0340 0125 
0114 0263 0115 0285 0305 0229 0312 
0134 0270 0226 0160 0143 0340 0125 
0263 0115 0285 0305 0229 0312 0350 
0134 0270 0226 0160 0143 0340 0125 
0115 0285 0305 0229 0312 0350 0008 
0134 0270 0226 0160 0143 0340 0125 
0285 0305 0229 0312 0350 0008 0309 
0134 0270 0226 0160 0143 0340 0125 
0305 0229 0312 0350 0008 0309 0336 
0134 0270 0226 0160 0143 0340 0125 
0229 0312 0350 0008 0309 0336 0038 
0134 0270 0226 0160 0143 0340 0125 
0312 0350 0008 0309 0336 0038 0289 
0134 0270 0226 0160 0143 0340 0125 
0350 0008 0309 0336 0038 0289 0223 
0134 0270 0226 0160 0143 0340 0125 
0008 0309 0336 0038 0289 0223 0132 
0134 0270 0226 0160 0143 0340 0125 
0309 0336 0038 0289 0223 0132 0327 
0134 0270 0226 0160 0143 0340 0125 
0336 0038 0289 0223 0132 0327 0103 
0134 0270 0226 0160 0143 0340 0125 
0038 0289 0223 0132 0327 0103 0367 
0134 0270 0226 0160 0143 0340 0125 
0289 0223 0132 0327 0103 0367 0189 
0134 0270 0226 0160 0143 0340 0125 
0223 0132 0327 0103 0367 0189 0370 
0134 0270 0226 0160 0143 0340 0125 
0132 0327 0103 0367 0189 0370 0286 
0134 0270 0226 0160 0143 0340 0125 
0327 0103 0367 0189 0370 0286 0264 
0134 0270 0226 0160 0143 0340 0125 
0103 0367 0189 0370 0286 0264 0171 
0134 0270 0226 0160 0143 0340 0125 
0367 0189 0370 0286 0264 0171 0004 
0134 0270 0226 0160 0143 0340 0125 
0189 0370 0286 0264 