0000 1288 676
0001 2064 1373
0002 693 1301
0003 1303 2074
0004 659 600
0005 1389 733
0006 567 1000
0007 1634 1203
0008 1634 1203
0009 895 1443
0010 2008 500
0011 647 1716
0012 2073 1464
0013 1512 736
0014 1512 736
0015 1530 233
0016 1705 1467
0017 1705 1467
0018 1705 1467
0019 2122 1707
0020 1870 979
0021 1870 979
0022 1953 1871
0023 1953 1871
0024 1950 2022
0025 248 2080
0026 548 1561
0027 1153 733
0028 2361 539
0029 2294 609
0030 472 1237
0031 1916 846
0032 1475 1085
0033 1475 1085
0034 2070 864
0035 2070 864
0036 680 1940
0037 205 1865
0038 205 1865
0039 156 1916
0040 1263 1225
0041 966 594
0042 1763 1382
0043 2015 864
0044 2186 1486
0045 2330 1658
0046 1328 915
0047 831 1734
0048 1665 1907
0049 1472 1683
0050 1211 303
0051 1496 1846
0052 837 1267
0053 837 1267
0054 377 1849
0055 2202 2047
0056 604 1758
0057 631 1058
0058 631 1058
0059 631 1058
0060 1996 1407
0061 1171 1076
0062 1171 1076
0063 1692 1388
0064 1778 2004
0065 1729 855
0066 1438 664
0067 1573 964
0068 2370 1695
0069 1389 1352
0070 1389 1352
0071 1389 1352
0072 1389 1352
0073 1389 1352
0074 935 2341
0075 1349 1437
0076 1364 1589
0077 1870 891
0078 708 1792
0079 883 1313
0080 883 1313
0081 883 1313
0082 794 2044
0083 668 2171
0084 1898 612
0085 1539 2004
0086 2002 1974
0087 757 937
0088 1929 1058
0089 1858 655
0090 2330 1340
0091 2309 2347
0092 2309 2298
0093 2309 2253
0094 2146 800
0095 2070 1752
0096 2070 1752
0097 1340 1916
0098 1340 1916
0099 2011 1819
0100 616 1628
0101 959 1734
0102 959 1734
0103 1183 1843
0104 328 761
0105 941 882
0106 331 1916
0107 1886 1570
0108 1024 1816
0109 1692 1246
0110 2073 418
0111 782 1213
0112 782 1213
0113 708 1865
0114 726 354
0115 1140 1928
0116 2361 1213
0117 2171 1207
0118 2171 1207
0119 1702 1786
0120 1702 1786
0121 1788 1671
0122 1788 1671
0123 1643 894
0124 1643 894
0125 1643 894
0126 1625 791
0127 1625 791
0128 1082 433
0129 708 1140
0130 1456 2001
0131 1803 1046
0132 282 712
0133 1024 585
0134 1055 1076
0135 1055 1076
0136 2177 697
0137 1499 1349
0138 1499 1349
0139 837 1416
0140 837 1416
0141 576 1349
0142 1680 1018
0143 334 1674
0144 1858 794
0145 1858 794
0146 1858 794
0148 524 1777
0148 524 1777
0149 2061 943
0150 1358 609
0151 1551 1707
0152 1551 1707
0153 555 1155
0154 1640 730
0155 2073 339
0156 1021 664
0157 1021 664
0158 705 1692
0159 705 1692
0160 705 1692
0161 331 1461
0162 772 1482
0163 1288 618
0164 1913 739
0165 1594 2177
0166 1281 964
0167 1769 1525
0168 1548 1916
0169 1389 1301
0170 429 864
0171 2140 1986
0172 1021 830
0173 1778 812
0174 1778 812
0175 690 630
0176 625 1998
0177 1196 1346
0178 1211 1592
0179 895 1222
0180 895 1222
0181 895 1222
0182 601 2235
0183 1944 2229
0184 816 442
0185 2370 1301
0186 1147 369
0187 2370 855
0188 1594 2110
0189 1594 2110
0190 2309 2201
0191 2309 2156
0192 935 2189
0193 935 2265
0194 837 782
0195 2223 1449
0196 1435 609
0197 1435 609
0198 291 2037
0199 1653 582
0200 1426 1634
0201 331 1777
0202 331 1777
0203 331 1846
0204 331 1846
0205 2116 1798
0206 444 1822
0207 917 1082
0208 917 1082
0209 815 876
0210 2005 1689
0211 1137 1825
0212 1137 1825
0213 1137 1825
0214 1137 1825
0215 1334 1995
0216 1996 1128
0217 2100 1534
0218 2100 1534
0219 2100 1534
0220 2100 1534
0221 1696 2001
0222 1263 928
0223 1189 1765
0224 1775 1176
0225 1775 1176
0226 1291 1583
0227 1291 1583
0228 1107 1131
0229 1107 1131
0230 1107 1131
0231 1987 694
0232 1107 1349
0233 1107 1349
0234 1932 1176
0235 475 1489
0236 993 1840
0237 993 1840
0238 2238 1116
0239 1101 1989
0240 2064 1285
0241 2171 1655
0242 1901 2183
0243 1288 733
0244 1288 733
0245 555 2068
0246 1499 1777
0247 1597 2001
0248 1597 2001
0249 1597 2001
0250 1021 730
0251 1021 730
0252 2146 934
0253 2146 934
0254 1039 2050
0255 1456 894
0256 625 567
0257 377 809
0258 205 2122
0259 1512 1449
0260 1269 1361
0261 414 1079
0262 2146 1856
0263 487 915
0264 254 1819
0265 1668 2153
0266 1840 2159
0267 1254 2125
0268 2281 1213
0269 720 664
0270 2091 1907
0271 1757 2156
0272 907 536
0273 1358 506
0274 2257 1413
0275 2082 694
0276 331 1980
0277 1018 509
0278 969 2119
0279 729 2107
0280 2211 1570
0281 1653 515
0282 1938 573
0283 2300 928
0284 2300 928
0285 2211 846
0286 2211 846
0287 1107 1234
0288 1107 1234
0289 1956 940
0290 2061 1210
0291 2061 1210
0292 766 709
0293 1864 1965
0294 1705 1652
0295 1171 1194
0296 1567 1285
0297 331 1567
0298 1294 1862
0299 1294 1862
0300 1128 1680
0301 1944 1625
0302 1944 1625
0303 1818 1325
0304 1245 1082
0305 1245 1082
0306 1818 691
0307 2297 1376
0308 941 755
0309 1343 1085
0310 1343 1085
0311 1987 1213
0312 355 1349
0313 2042 1452
0314 1018 1567
0315 1484 1228
0316 1484 1228
0317 1726 1119
0318 1726 1119
0319 1726 1119
0320 1726 1119
0321 1726 1119
0322 1901 1310
0323 956 1037
0324 1361 269
0325 1610 154
0326 2303 1028
0327 877 1646
0328 1288 830
0329 1180 1577
0330 1389 1965
0331 1015 982
0332 1015 982
0333 1015 982
0334 1015 982
0335 2287 1613
0336 1705 1868
0337 1309 1531
0338 1588 1440
0339 861 1131
0340 1153 1734
0341 1153 1646
0342 1692 1319
0343 1358 1225
0344 1398 548
0345 953 1504
0346 1794 749
0347 1794 749
0348 1794 749
0349 1542 1082
0350 1542 1082
0351 1542 1082
0352 1585 1522
0353 1070 1625
0354 1070 1625
0355 898 1801
0356 871 1755
0357 1677 1152
0358 699 991
0359 1594 2059
0360 1125 928
0361 466 1349
0362 466 1349
0363 999 1349
0364 2232 943
0365 1018 1680
0366 837 1522
0367 858 1980
0368 1229 1828
0369 499 1167
0370 1597 2341
0371 1594 2235
0372 1594 2289
0373 874 815
0374 874 815
0375 923 1916
0376 1950 1361
0377 800 743
0378 705 1570
0379 2260 2104
0380 410 1777
0381 2248 658
0382 1392 1252
0383 1812 2070
