0132 0104 0257 0170 0263 0006 0057 0129 0111 0052 0079 0363 0232 0177 0069 0137 0338 0016 0121 0301 0217 0280 0335 0045 0068 
Ligne 1 Direction Chateau de Vincennes
0068 0045 0335 0280 0217 0301 0121 0016 0338 0137 0069 0177 0232 0363 0079 0052 0111 0129 0057 0006 0263 0170 0257 0104 0132 
Ligne 1 Direction Grande Arche de la Défense
0261 0369 0058 0358 0087 0209 0373 0308 0251 0027 0244 0005 0013 0154 0346 0144 0077 0021 0088 0216 0290 0240 0001 0012 0218 
Ligne 2 Direction Nation
0218 0012 0001 0240 0290 0216 0088 0021 0077 0144 0346 0154 0013 0005 0244 0027 0251 0308 0373 0209 0087 0358 0058 0369 0261 
Ligne 2 Direction Porte Dauphine
0256 0004 0175 0269 0292 0377 0194 0374 0105 0333 0134 0228 0295 0040 0343 0315 0008 0357 0318 0234 0311 0291 0117 0268 0116 
Ligne 3 Direction Galliéni
0116 0268 0117 0291 0311 0234 0318 0357 0008 0315 0343 0040 0295 0228 0134 0333 0105 0374 0194 0377 0292 0269 0175 0004 0256 
Ligne 3 Direction Pont de Levallois, Bécon
0118 0238 0326 0284 
Ligne 3b Direction Porte des Lilas
0284 0326 0238 0118 
Ligne 3b Direction Gambetta
0273 0344 0197 0066 0014 0126 0123 0067 0349 0316 0382 0169 0072 0075 0337 0227 0329 0341 0340 0213 0368 0298 0097 0215 0003 0267 
Ligne 4 Direction Porte d'Orléans
0267 0003 0215 0097 0298 0368 0213 0340 0341 0329 0227 0337 0075 0072 0169 0382 0316 0349 0067 0123 0126 0014 0066 0197 0344 0273 
Ligne 4 Direction Porte de Clignancourt
0028 0029 0381 0136 0275 0231 0164 0145 0347 0127 0124 0142 0319 0224 0303 0042 0017 0294 0120 0336 0048 0247 
Ligne 5 Direction Place d'Italie
0247 0048 0336 0120 0294 0017 0042 0303 0224 0319 0142 0124 0127 0347 0145 0164 0231 0275 0136 0381 0029 0028 
Ligne 5 Direction Bobigny, Pablo Picasso
0059 0153 0030 0361 0235 0026 0100 0159 0047 0355 0237 0214 0103 0299 0098 0330 0130 0085 0248 0221 0064 0293 0023 0099 0095 0019 0241 0219 
Ligne 6 Direction Nation
0219 0241 0019 0095 0099 0023 0293 0064 0221 0248 0085 0130 0330 0098 0299 0103 0214 0237 0355 0047 0159 0100 0026 0235 0361 0030 0153 0059 
Ligne 6 Direction Charles de Gaulle, Étoile
0155 0110 0010 0282 0084 0089 0306 0348 0173 0065 0125 0255 0046 0166 0061 0229 0288 0233 0260 0073 0259 0352 0152 0246 0051 0168 0249 0359 0188 0165 0371 0372 0370 
Ligne 7 Direction Villejuif, Louis Aragon
0155 0110 0010 0282 0084 0089 0306 0348 0173 0065 0125 0255 0046 0166 0061 0229 0288 0233 0260 0073 0259 0352 0152 0246 0051 0168 0249 0359 0189 0265 0271 0266 0242 0183 
Ligne 7 Direction Mairie d'Ivry
0370 0372 0371 0165 0188 0359 0249 0168 0051 0246 0152 0352 0259 0073 0260 0233 0288 0229 0061 0166 0046 0255 0125 0065 0173 0348 0306 0089 0084 0282 0010 0110 0155 
Ligne 7 Direction La Courneuve, 8 Mai 1945
0183 0242 0266 0271 0265 0189 0359 0249 0168 0051 0246 0152 0352 0259 0073 0260 0233 0288 0229 0061 0166 0046 0255 0125 0065 0173 0348 0306 0089 0084 0282 0010 0110 0155 
Ligne 7 Direction La Courneuve, 8 Mai 1945
0174 0146 0031 0043 0035 0253 0286 
Ligne 7b Direction Pré-Saint-Gervais
0285 0094 0034 0043 0031 0146 0174 
Ligne 7b Direction Louis Blanc
0245 0176 0036 0113 0078 0160 0378 0162 0140 0081 0181 0230 0304 0309 0032 0350 0320 0109 0342 0063 0018 0167 0107 0302 0210 0096 0205 0262 0270 0171 0055 0379 0191 0190 0093 0092 0091 
Ligne 8 Direction Créteil-Préfecture
0091 0092 0093 0190 0191 0379 0055 0171 0270 0262 0205 0096 0210 0302 0107 0167 0018 0063 0342 0109 0320 0350 0032 0309 0304 0230 0181 0081 0140 0162 0378 0160 0078 0113 0036 0176 0245 
Ligne 8 Direction Place Balard
0258 0025 0198 0276 0106 0204 0202 0143 0297 0161 0312 0362 0141 0002 0112 0339 0208 0323 0135 0062 0305 0310 0033 0351 0321 0225 0322 0376 0060 0313 0220 0044 0195 0274 0307 0090 0185 
Ligne 9 Direction Mairie de Montreuil
0185 0090 0307 0274 0195 0044 0220 0313 0060 0376 0322 0225 0321 0351 0033 0310 0305 0062 0135 0323 0208 0339 0112 0002 0141 0362 0312 0161 0297 0143 0202 0204 0106 0276 0198 0025 0258 
Ligne 9 Direction Pont de Sèvres
0039 0038 0203 0054 0206 0148 0056 0011 0158 0356 0101 0365 0353 0178 0226 0076 0200 0049 0151 0119 
Ligne 10 Direction Gare d'Austerlitz
0119 0151 0049 0200 0076 0226 0178 0353 0365 0101 0356 0158 0011 0056 0147 0380 0201 0264 0037 0039 
Ligne 10 Direction Boulogne, Pont de Saint-Cloud, Rond Point Rhin et Danube
0187 0283 0364 0252 0149 0289 0020 0131 0317 0007 0296 0138 0070 
Ligne 11 Direction Châtelet
0070 0138 0296 0007 0317 0131 0020 0289 0149 0252 0364 0283 0187 
Ligne 11 Direction Mairie des Lilas
0182 0083 0279 0082 0367 0375 0236 0108 0211 0223 0300 0354 0314 0345 0009 0080 0179 0331 0360 0222 0328 0243 0000 0163 0150 0196 0199 0281 
Ligne 12 Direction Porte de la Chapelle
0281 0199 0196 0150 0163 0000 0243 0328 0222 0360 0331 0179 0080 0009 0345 0314 0354 0300 0223 0211 0108 0236 0375 0367 0082 0279 0083 0182 
Ligne 12 Direction Mairie d'Issy
0074 0193 0192 0278 0254 0239 0115 0212 0102 0327 0366 0139 0053 0207 0332 0172 0250 0156 0041 0272 0184 0114 
Ligne 13 Direction Gabriel Péri, Asnières-Gennevilliers
0074 0193 0192 0278 0254 0239 0115 0212 0102 0327 0366 0139 0053 0207 0332 0172 0250 0157 0133 0277 0128 0186 0050 0324 0015 0325 
Ligne 13 Direction Saint-Denis-Université
0114 0184 0272 0041 0156 0250 0172 0332 0207 0053 0139 0366 0327 0102 0212 0115 0239 0254 0278 0192 0193 0074 
Ligne 13 Direction Châtillon-Montrouge
0325 0015 0324 0050 0186 0128 0277 0133 0157 0250 0172 0332 0207 0053 0139 0366 0327 0102 0212 0115 0239 0254 0278 0192 0193 0074 
Ligne 13 Direction Châtillon-Montrouge
0383 0024 0086 0022 0122 0071 0287 0180 0334 
Ligne 14 Direction Saint-Lazare
0334 0180 0287 0071 0122 0022 0086 0024 0383 
Ligne 14 Direction Olympiades
