0130 0102 0252 0166 0258 0006 0055 0127 0109 0050 0077 0356 0227 0173 0067 0135 0331 0016 0119 0295 0212 0275 0328 0043 0066 
Ligne 1 Direction Chateau de Vincennes
0066 0043 0328 0275 0212 0295 0119 0016 0331 0135 0067 0173 0227 0356 0077 0050 0109 0127 0055 0006 0258 0166 0252 0102 0130 
Ligne 1 Direction Grande Arche de la Défense
0256 0362 0056 0351 0085 0204 0366 0302 0246 0027 0239 0005 0013 0151 0339 0142 0075 0021 0086 0211 0284 0235 0001 0012 0213 
Ligne 2 Direction Nation
0213 0012 0001 0235 0284 0211 0086 0021 0075 0142 0339 0151 0013 0005 0239 0027 0246 0302 0366 0204 0085 0351 0056 0362 0256 
Ligne 2 Direction Porte Dauphine
0251 0004 0171 0264 0286 0370 0189 0367 0103 0327 0132 0223 0289 0038 0336 0309 0008 0350 0312 0229 0305 0285 0115 0263 0114 
Ligne 3 Direction Galliéni
0114 0263 0115 0285 0305 0229 0312 0350 0008 0309 0336 0038 0289 0223 0132 0327 0103 0367 0189 0370 0286 0264 0171 0004 0251 
Ligne 3 Direction Pont de Levallois, Bécon
0116 0233 0320 0279 
Ligne 3b Direction Porte des Lilas
0279 0320 0233 0116 
Ligne 3b Direction Gambetta
0268 0337 0192 0064 0014 0124 0121 0065 0342 0310 0375 0165 0070 0073 0330 0222 0323 0334 0333 0208 0361 0292 0095 0210 0003 0262 
Ligne 4 Direction Porte d'Orléans
0262 0003 0210 0095 0292 0361 0208 0333 0334 0323 0222 0330 0073 0070 0165 0375 0310 0342 0065 0121 0124 0014 0064 0192 0337 0268 
Ligne 4 Direction Porte de Clignancourt
0028 0029 0374 0134 0270 0226 0160 0143 0340 0125 0122 0140 0313 0219 0297 0040 0017 0288 0118 0329 0046 0242 
Ligne 5 Direction Place d'Italie
0242 0046 0329 0118 0288 0017 0040 0297 0219 0313 0140 0122 0125 0340 0143 0160 0226 0270 0134 0374 0029 0028 
Ligne 5 Direction Bobigny, Pablo Picasso
0057 0150 0030 0354 0230 0026 0098 0155 0045 0348 0232 0209 0101 0293 0096 0324 0128 0083 0243 0216 0062 0287 0023 0097 0093 0019 0236 0214 
Ligne 6 Direction Nation
0214 0236 0019 0093 0097 0023 0287 0062 0216 0243 0083 0128 0324 0096 0293 0101 0209 0232 0348 0045 0155 0098 0026 0230 0354 0030 0150 0057 
Ligne 6 Direction Charles de Gaulle, Étoile
0152 0108 0010 0277 0082 0087 0300 0341 0169 0063 0123 0250 0044 0162 0059 0224 0282 0228 0255 0071 0254 0345 0149 0241 0049 0164 0244 0352 0184 0161 0364 0365 0363 
Ligne 7 Direction Villejuif, Louis Aragon
0152 0108 0010 0277 0082 0087 0300 0341 0169 0063 0123 0250 0044 0162 0059 0224 0282 0228 0255 0071 0254 0345 0149 0241 0049 0164 0244 0352 0184 0260 0266 0261 0237 0179 
Ligne 7 Direction Mairie d'Ivry
0363 0365 0364 0161 0184 0260 0266 0261 0237 0179 
Ligne 7 Direction Mairie d'Ivry
0363 0365 0364 0161 0184 0352 0244 0164 0049 0241 0149 0345 0254 0071 0255 0228 0282 0224 0059 0162 0044 0250 0123 0063 0169 0341 0300 0087 0082 0277 0010 0108 0152 
Ligne 7 Direction La Courneuve, 8 Mai 1945
0179 0237 0261 0266 0260 0184 0161 0364 0365 0363 
Ligne 7 Direction Villejuif, Louis Aragon
0179 0237 0261 0266 0260 0184 0352 0244 0164 0049 0241 0149 0345 0254 0071 0255 0228 0282 0224 0059 0162 0044 0250 0123 0063 0169 0341 0300 0087 0082 0277 0010 0108 0152 
Ligne 7 Direction La Courneuve, 8 Mai 1945
0170 0144 0031 0041 0034 0248 0280 
Ligne 7b Direction Pré-Saint-Gervais
0280 0092 0034 0041 0031 0144 0170 
Ligne 7b Direction Louis Blanc
0240 0172 0035 0111 0076 0156 0371 0158 0138 0079 0177 0225 0298 0303 0032 0343 0314 0107 0335 0061 0018 0163 0105 0296 0205 0094 0200 0257 0265 0167 0053 0372 0186 0185 0091 0090 0089 
Ligne 8 Direction Créteil-Préfecture
0089 0090 0091 0185 0186 0372 0053 0167 0265 0257 0200 0094 0205 0296 0105 0163 0018 0061 0335 0107 0314 0343 0032 0303 0298 0225 0177 0079 0138 0158 0371 0156 0076 0111 0035 0172 0240 
Ligne 8 Direction Place Balard
0253 0025 0193 0271 0104 0199 0197 0141 0291 0157 0306 0355 0139 0002 0110 0332 0203 0317 0133 0060 0299 0304 0033 0344 0315 0220 0316 0369 0058 0307 0215 0042 0190 0269 0301 0088 0181 
Ligne 9 Direction Mairie de Montreuil
0181 0088 0301 0269 0190 0042 0215 0307 0058 0369 0316 0220 0315 0344 0033 0304 0299 0060 0133 0317 0203 0332 0110 0002 0139 0355 0306 0157 0291 0141 0197 0199 0104 0271 0193 0025 0253 
Ligne 9 Direction Pont de Sèvres
0037 0036 0198 0052 0201 0145 0054 0011 0154 0349 0099 0358 0346 0174 0221 0074 0195 0047 0148 0117 
Ligne 10 Direction Gare d'Austerlitz
0037 0036 0259 0196 0373 0145 0054 0011 0154 0349 0099 0358 0346 0174 0221 0074 0195 0047 0148 0117 
Ligne 10 Direction Gare d'Austerlitz
0117 0148 0047 0195 0074 0221 0174 0346 0358 0099 0349 0154 0011 0054 0145 0373 0196 0259 0036 0037 
Ligne 10 Direction Boulogne, Pont de Saint-Cloud, Rond Point Rhin et Danube
0117 0148 0047 0195 0074 0221 0174 0346 0358 0099 0349 0154 0011 0054 0145 0201 0052 0198 0036 0037 
Ligne 10 Direction Boulogne, Pont de Saint-Cloud, Rond Point Rhin et Danube
0183 0278 0357 0247 0146 0283 0020 0129 0311 0007 0290 0136 0068 
Ligne 11 Direction Châtelet
0068 0136 0290 0007 0311 0129 0020 0283 0146 0247 0357 0278 0183 
Ligne 11 Direction Mairie des Lilas
0178 0081 0274 0080 0360 0368 0231 0106 0206 0218 0294 0347 0308 0338 0009 0078 0175 0325 0353 0217 0322 0238 0000 0159 0147 0191 0194 0276 
Ligne 12 Direction Porte de la Chapelle
0276 0194 0191 0147 0159 0000 0238 0322 0217 0353 0325 0175 0078 0009 0338 0308 0347 0294 0218 0206 0106 0231 0368 0360 0080 0274 0081 0178 
Ligne 12 Direction Mairie d'Issy
0072 0188 0187 0273 0249 0234 0113 0207 0100 0321 0359 0137 0051 0202 0326 0168 0245 0153 0039 0267 0180 0112 
Ligne 13 Direction Gabriel Péri, Asnières-Gennevilliers
0072 0188 0187 0273 0249 0234 0113 0207 0100 0321 0359 0137 0051 0202 0326 0168 0245 0153 0131 0272 0126 0182 0048 0318 0015 0319 
Ligne 13 Direction Saint-Denis-Université
0112 0180 0267 0039 0153 0131 0272 0126 0182 0048 0318 0015 0319 
Ligne 13 Direction Saint-Denis-Université
0112 0180 0267 0039 0153 0245 0168 0326 0202 0051 0137 0359 0321 0100 0207 0113 0234 0249 0273 0187 0188 0072 
Ligne 13 Direction Châtillon-Montrouge
0319 0015 0318 0048 0182 0126 0272 0131 0153 0039 0267 0180 0112 
Ligne 13 Direction Gabriel Péri, Asnières-Gennevilliers
0319 0015 0318 0048 0182 0126 0272 0131 0153 0245 0168 0326 0202 0051 0137 0359 0321 0100 0207 0113 0234 0249 0273 0187 0188 0072 
Ligne 13 Direction Châtillon-Montrouge
0024 0084 0022 0120 0069 0281 0176 
Ligne 14 Direction Madeleine
0176 0281 0069 0120 0022 0084 0024 
Ligne 14 Direction Bibliothèque François Mitterand
